000000000000000000000000
000000000000000000000000
000000000000000000000000
000000000000000000000000
000000000000000000000000
000000000000000000000000
000000000000000000000000
000000000000000000000000
000000000000000000000000
000000000000000000000000
000000000000000000000000
000000000000000000000000
000000000000000000000000
000000000000000000000000
000000000000000000000000
000000000000000000000000
000000000000000000000000
000000001111100000000000
000000010000110000000000
000000111000111000000000
000000111000001000000000
000001100000000100000000
000001000110000100000000
000001000110000100000000
000001000000011100000000
000000011000111000000000
000000001100110000000000
000000011111111000000000
